=== shuffle_1 ===
Pnos (Other + another YES):
[1, 24, 40, 49, 69, 79, 84, 100, 109, 119, 145, 192, 205, 217, 221, 222, 226, 235, 237, 240, 269, 273, 285, 293, 308, 326, 331]

=== shuffle_2 ===
Pnos (Other + another YES):
[1, 6, 14, 19, 24, 33, 37, 40, 42, 50, 51, 53, 61, 72, 79, 83, 84, 85, 96, 103, 105, 106, 112, 145, 175, 198, 200, 201, 205, 212, 233, 240, 242, 252, 262, 264, 266, 268, 278, 285, 289, 297, 298, 301, 302, 305, 331, 332, 357]

=== shuffle_3 ===
Pnos (Other + another YES):
[49, 93, 105, 106, 113, 121, 123, 126, 145, 147, 149, 158, 161, 183, 192, 200, 201, 217, 226, 233, 237, 240, 257, 264, 269, 273, 275, 279, 297, 300, 301, 305, 308, 316, 340, 341, 350, 352, 353, 357]
